11.885055 0.000000
11.849793 0.662797
11.745070 1.312425
11.573972 1.936503
11.341338 2.524136
11.053352 3.066437
10.717064 3.556838
10.339898 3.991181
9.929203 4.367614
9.491894 4.686345
9.034189 4.949301
8.561452 5.159750
8.078128 5.321933
7.587758 5.440729
7.093040 5.521366
6.595928 5.569200
6.097756 5.589537
5.599350 5.587515
5.101156 5.568008
4.603340 5.535577
4.105886 5.494427
3.608672 5.448387
3.111537 5.400886
2.614318 5.354949
2.116893 5.313176
1.619192 5.277738
1.121205 5.250365
0.622978 5.232333
0.124603 5.224458
-0.373803 5.227093
-0.872117 5.240119
-1.370233 5.262953
-1.868079 5.294546
-2.365637 5.333396
-2.862947 5.377550
-3.360105 5.424621
-3.857259 5.471795
-4.354573 5.515844
-4.852198 5.553136
-5.350211 5.579654
-5.848546 5.591009
-6.346912 5.582479
-6.844687 5.549049
-7.340804 5.485483
-7.833637 5.386433
-8.320872 5.246581
-8.799400 5.060842
-9.265235 4.824617
-9.713468 4.534108
-10.138295 4.186667
-10.533125 3.781184
-10.890785 3.318441
-11.203838 2.801420
-11.464986 2.235483
-11.667552 1.628381
-11.805967 0.990058
-11.876223 0.332231
-11.876223 -0.332231
-11.805967 -0.990058
-11.667552 -1.628381
-11.464986 -2.235483
-11.203837 -2.801420
-10.890785 -3.318441
-10.533125 -3.781184
-10.138295 -4.186667
-9.713468 -4.534108
-9.265235 -4.824617
-8.799400 -5.060842
-8.320871 -5.246581
-7.833637 -5.386433
-7.340804 -5.485483
-6.844687 -5.549049
-6.346912 -5.582479
-5.848546 -5.591009
-5.350211 -5.579654
-4.852198 -5.553136
-4.354573 -5.515844
-3.857259 -5.471795
-3.360105 -5.424621
-2.862947 -5.377550
-2.365637 -5.333396
-1.868079 -5.294546
-1.370233 -5.262953
-0.872117 -5.240119
-0.373803 -5.227093
0.124604 -5.224458
0.622978 -5.232333
1.121205 -5.250365
1.619192 -5.277738
2.116893 -5.313176
2.614318 -5.354949
3.111537 -5.400887
3.608673 -5.448387
4.105886 -5.494428
4.603340 -5.535577
5.101156 -5.568008
5.599350 -5.587515
6.097756 -5.589537
6.595928 -5.569200
7.093040 -5.521366
7.587758 -5.440729
8.078129 -5.321933
8.561452 -5.159750
9.034189 -4.949301
9.491894 -4.686345
9.929203 -4.367614
10.339898 -3.991180
10.717064 -3.556838
11.053352 -3.066437
11.341338 -2.524136
11.573972 -1.936503
11.745070 -1.312425
11.849793 -0.662797